Zadanie 3.1
118
219
Zadanie 3.2
10010101101100
10010110010110
10001001111100
10000110101101
10001001101110
10000011010111
10001111100100
10001110000111
10010110000111
10010000111101
10011000101110
10000110110110
10001101101010
10000110011110
10011000110011
10001010111100
10011001001110
10010101010011
10011001110010
10000011101110
10001001010111
10000011011110
10001011010101
10001000011111
10011001110001
10010111010100
10001001011101
10010110001101
10011100000111
10000011111001
10010010101101
10011001011010
10001100101011
10011010000111
10000111101100
10001000111011
10010010011011
10011010100011
10010101100011
10010101011001
10011010011100
10001101111000
10001101100101
10011000111001
10010011001110
10010010011110
10001011101010
10000011011011
10010101101010
10000111100101
Zadanie 3.1
118
219
Zadanie 3.1
118
219
Zadanie 3.1
118
219
Zadanie 3.1
118
219
Zadanie 3.1
118
219
Zadanie 3.1
118
219
Zadanie 3.1
118
219
Zadanie 3.1
118
219
Zadanie 3.1
118
219
Zadanie 3.1
118
219
Zadanie 3.1
118
219
Zadanie 3.1
118
219
Zadanie 3.1
118
219
